   0	  32	  20	  11	   3	  23	   3	   0	   0	  14	   3	   1	   3	   0	   4	   0	   0	   0
  17	  53	  20	  13	   3	  35	  16	   1	   0	   0	   2	   0	  17	   2	   0	   0	   0	   0
   2	   0	   0	   0	   0	   0	   0	   0	   0	   0	   0	   0	   0	   0	   0	   0	   0	   0
  12	  14	  44	  11	   0	  23	  44	   1	   0	   0	   2	   0	   0	  51	   0	   0	   2	   0
   0	   2	   0	   0	   0	   0	   0	   0	   0	   0	   0	   0	   0	   0	   0	   0	   0	   0
  57	   0	   0	   0	   0	   0	   0	   0	   0	   0	   0	   0	   0	   0	   0	   0	   0	   0
  15	  21	   5	  22	   5	   9	   2	   0	   0	   4	  17	   0	   0	   0	   0	   0	   0	   0
   0	   0	   1	   0	   0	   0	   0	   0	   0	   0	   0	   0	   0	   0	   0	   0	   0	   0
   3	   3	   0	   1	   0	   0	   0	   0	   0	   0	   0	   1	   0	   0	   0	   0	   0	   0
   0	   0	   0	   0	   0	   0	   0	   0	   0	   0	   0	   0	   0	   0	   0	   0	   0	   0
  26	   0	   0	   0	   0	   2	   0	   0	   0	   0	   0	   0	   0	   0	   0	   0	   0	   0
  13	  10	   8	  24	   0	  10	   1	   0	   0	   0	   7	   0	   0	   1	   0	   0	   1	   0
   1	   0	   0	   0	   0	   0	   0	   0	   0	   0	   0	   0	   0	   0	   0	   0	   0	   0
   5	  23	  15	  17	   1	  10	   0	   0	   0	   0	   6	   0	   1	   2	   0	   0	   6	   0
   0	   0	   0	   0	   0	   0	   0	   0	   0	   0	   0	   0	   0	   0	   0	   0	   0	   0
  45	   6	   6	   4	   1	   0	   0	   0	   0	   0	   0	   0	   0	   0	   0	   0	   2	   0
  22	  31	  19	  12	   4	  17	   1	   0	   0	   7	   6	   0	   5	  16	   0	   0	   3	   0
   1	   4	   1	   1	   0	   0	   0	   0	   0	   0	   0	   0	   0	   0	   0	   0	   0	   0
   9	  14	  10	  23	   7	  10	   0	   2	   0	   0	   8	   0	   0	   2	   0	   0	   1	   0
   3	  10	   1	   2	   0	   0	   0	   0	   0	   0	   0	   0	   0	   0	   0	   0	   1	   0
  64	  46	  20	  44	   5	  16	   1	   0	   0	   2	   4	   0	   0	   8	   0	   0	   1	   0
  27	  50	   9	   5	   2	  39	   7	   0	   0	   6	   2	   1	   1	   9	   0	   0	   1	   0
   3	   1	   2	   0	   0	   0	   0	   0	   0	   0	   0	   1	   0	   1	   0	   0	   0	   0
   3	   4	   5	   2	   1	   0	   0	   0	   0	   1	   0	   1	   0	   2	   0	   0	   0	   0
   0	   0	   3	   1	   0	   0	   1	   0	   0	   0	   0	   0	   0	   1	   0	   0	   0	   0
   3	  17	  17	   7	   0	  16	   3	   0	   0	   1	   7	   2	   5	   0	   0	   0	   1	   0
   3	  14	  13	  15	   0	   1	   0	   0	   0	   0	   0	   0	   0	   5	   0	   0	   6	   0
   7	 116	   7	  14	   5	  31	   3	   0	   0	   3	   6	   3	   0	   4	   0	   0	   8	   0
   0	   0	   0	   0	   0	   0	   0	   0	   0	   0	   0	   0	   0	   0	   0	   0	   0	   0
  20	  42	   6	  19	   1	  54	   1	   0	   0	   2	   3	   2	   0	  26	   0	   0	   0	   0
   3	   3	   0	   0	   2	   1	   0	   0	   0	   0	   0	   0	   0	   0	   0	   0	   0	   0
   0	   0	   0	   0	   0	   0	   0	   0	   0	   0	   0	   0	   0	   0	   0	   0	   0	   0
  10	  42	  17	  18	   3	   9	   0	   0	   0	   3	  11	   2	   0	   0	   0	   0	   0	   0
   0	   7	   7	   0	   1	   0	   0	   0	   0	   0	   0	   0	   0	   1	   0	   0	   2	   0
   4	  10	   0	   1	   0	   0	   0	   0	   0	   0	   0	   0	   0	   0	   0	   0	   0	   0
  32	   9	   2	  15	   0	   6	   1	   1	   0	   0	   3	   0	   1	   0	   0	   0	   6	   0
   0	   1	   3	   3	   0	   0	   0	   0	   0	   1	   0	   2	   0	   0	   0	   0	   0	   0


Vowel frequencies:
అ	ఆ	ఇ	ఈ	ఉ	ఊ	ఋ	ౠ	ఎ	ఏ	ఐ	ఒ	ఓ	ఔ	అఁ	అం	అః
623	261	285	44	312	84	5	0	44	87	16	33	131	4	0	3	0

Vowel sum: 1932


Consonant frequencies:
క్	ఖ్	గ్	ఘ్	ఙ్	చ్	ఛ్	జ్	ఝ్	ఞ్	ట్	ఠ్	డ్	ఢ్	ణ్	త్	థ్	ద్	ధ్	న్	ప్	ఫ్	బ్	భ్	మ్	య్	ర్	ఱ్	ల్	ళ్	ఴ్	వ్	శ్	ష్	స్	హ్
179	2	204	2	57	100	1	8	0	28	75	1	86	0	64	143	7	86	17	211	159	8	19	6	79	57	207	0	176	9	0	115	18	15	76	10

Consonant sum: 2225