   0	  36	  24	  11	  11	  17	   0	   0	   0	   2	   3	   0	   3	   3	   0	   0	   0	   0
  37	  56	  32	  12	   3	  59	   6	   4	   0	   0	   0	   1	  18	   5	   0	   0	   1	   0
   0	   1	   0	   0	   0	   0	   0	   0	   0	   0	   0	   0	   0	   0	   0	   0	   0	   0
   5	  27	  44	   6	   1	  24	   0	   0	   0	   0	   0	   0	   0	   9	   1	   0	  14	   0
   0	   0	   0	   0	   0	   0	   0	   0	   0	   0	   0	   0	   0	   0	   0	   0	   0	   0
  32	   0	   0	   0	   0	   0	   0	   0	   0	   0	   0	   0	   0	   0	   0	   0	   0	   0
   7	  13	  19	  33	   3	  17	   4	   0	   0	   4	  12	   0	   0	   6	   0	   0	   0	   0
   0	   0	   0	   0	   0	   0	   0	   0	   0	   0	   0	   0	   0	   0	   0	   0	   0	   0
  13	  23	   8	   3	   1	  10	   5	   1	   0	   0	   0	   2	   0	   0	   0	   0	   0	   0
   0	   0	   0	   0	   0	   0	   0	   0	   0	   0	   0	   0	   0	   0	   0	   0	   0	   0
  36	   1	   0	   0	   0	   1	   0	   0	   0	   0	   0	   0	   0	   0	   0	   0	   0	   0
  11	  11	   4	  21	   0	  14	   0	   0	   0	   0	   0	   0	   0	   1	   0	   0	   0	   0
   1	   1	   1	   0	   0	   0	   0	   0	   0	   0	   0	   0	   0	   0	   0	   0	   0	   0
   4	  25	   3	  16	   0	  52	   0	   0	   0	   0	   0	   0	   0	   0	   0	   0	   1	   0
   1	   0	   0	   0	   0	   0	   0	   0	   0	   0	   0	   0	   0	   0	   0	   0	   0	   0
  33	  17	   6	   4	   3	  14	   0	   0	   0	   0	   0	   0	   0	   0	   0	   0	   0	   0
  37	  72	   6	  19	   6	  12	   2	   0	   0	   4	   4	   0	   0	   4	   0	   0	   2	   0
   0	   1	   1	   0	   0	   1	   0	   0	   0	   0	   0	   0	   0	   0	   0	   0	   0	   0
  29	  32	   6	  29	   3	  22	   0	   1	   0	   0	  24	   2	   1	   0	   0	   0	   0	   0
  12	  11	  10	   3	   0	   7	   0	   0	   0	   0	   0	   0	   0	   0	   0	   0	   0	   0
  96	  77	  16	  63	   1	  62	   1	   0	   0	   1	  11	   1	   0	   0	   0	   0	   2	   0
  29	  74	  11	  14	   1	  27	  17	   0	   0	   4	   0	   3	   3	   1	   0	   0	   4	   0
   0	   1	   0	   0	   0	   0	   0	   0	   0	   0	   0	   0	   0	   0	   0	   0	   0	   0
   4	   5	   3	   0	   0	   9	   0	   1	   0	   0	   0	   0	   0	   1	   2	   0	   2	   0
   1	   8	   8	   5	   0	   0	   0	   0	   0	   0	   0	   0	   0	   1	   0	   0	   0	   0
   7	  80	  21	   5	   2	  83	   8	   0	   0	   2	   5	   4	   6	   0	   2	   0	   1	   0
  17	  47	  17	   9	   0	  24	   0	   0	   0	   1	   1	   0	   2	   5	   0	   0	   9	   0
  64	 114	  52	  51	   9	  34	   4	   0	   0	  11	   5	   0	   0	   2	   0	   0	   6	   0
   1	   1	   0	   0	   0	   0	   0	   0	   0	   0	   0	   0	   0	   0	   0	   0	   0	   0
  49	 121	   5	  14	   1	  66	   2	   0	   0	   0	   3	   2	   0	  23	   0	   0	   1	   0
   1	   3	   1	   2	   0	   8	   0	   0	   0	   0	   0	   0	   0	   0	   0	   0	   0	   0
   0	   0	   0	   0	   0	   0	   0	   0	   0	   0	   0	   0	   0	   0	   0	   0	   0	   0
   6	  97	  27	  36	   9	  26	   0	   0	   0	   3	   3	   1	   0	   0	   0	   0	   2	   0
   8	  34	  16	  25	   4	   0	   0	   0	   0	   0	   0	   9	   0	   0	   0	   0	   8	   0
  27	   7	   1	   6	   1	   4	   0	   0	   0	   0	   0	   0	   0	   0	   0	   0	   3	   0
  31	  27	  20	  15	   0	   6	   2	   0	   0	   0	   2	   0	   0	   0	   1	   0	   2	   0
   2	  24	   8	   4	   1	   0	   0	   0	   0	   0	   2	   3	   0	   0	   0	   0	   0	   0


Vowel frequencies:
అ	ఆ	ఇ	ఈ	ఉ	ఊ	ఋ	ౠ	ఎ	ఏ	ఐ	ఒ	ఓ	ఔ	అఁ	అం	అః
1101	370	406	60	599	51	7	0	32	75	28	33	61	6	0	4	0

Vowel sum: 2833


Consonant frequencies:
క్	ఖ్	గ్	ఘ్	ఙ్	చ్	ఛ్	జ్	ఝ్	ఞ్	ట్	ఠ్	డ్	ఢ్	ణ్	త్	థ్	ద్	ధ్	న్	ప్	ఫ్	బ్	భ్	మ్	య్	ర్	ఱ్	ల్	ళ్	ఴ్	వ్	శ్	ష్	స్	హ్
234	1	131	0	32	118	0	66	0	38	62	3	101	1	77	168	3	149	43	331	188	1	27	23	226	132	352	2	287	15	0	210	104	49	106	44

Consonant sum: 3324