   0	 105	  31	  25	  14	  44	   1	   0	   0	   8	   8	   6	  20	  14	   1	   0	   0	   0
  45	 116	  42	  67	  12	  64	  10	   2	   0	   0	   8	   0	  12	   8	   0	   0	   2	   0
   6	   9	   2	   0	   0	   2	   0	   0	   0	   0	   0	   0	   0	   0	   0	   0	   0	   0
  33	  24	 199	  19	   4	  11	   0	   1	   0	   0	   2	   0	   0	   2	   0	   0	   4	   0
   0	   2	   0	   0	   0	   0	   0	   0	   0	   0	   0	   0	   0	   0	   0	   0	   0	   0
 183	   0	   0	   0	   0	   0	   0	   0	   0	   0	   0	   0	   0	   0	   0	   0	   0	   0
   9	  46	  45	  60	   1	   5	   0	   0	   0	   3	  34	   0	   0	   0	   0	   0	   0	   0
   0	   0	   1	   0	   0	   0	   0	   0	   0	   0	   0	   0	   0	   0	   0	   0	   0	   0
   9	  75	  28	  24	   5	   2	   6	   0	   0	   3	   1	   0	   0	   0	   4	   0	   0	   0
   0	   0	   0	   0	   0	   0	   0	   0	   0	   0	   0	   0	   0	   0	   0	   0	   0	   0
  78	   0	   0	   0	   0	   0	   0	   0	   0	   0	   0	   0	   0	   0	   0	   0	   0	   0
  57	  19	   4	  38	  21	   8	   1	   0	   0	   6	   6	   1	   0	   3	   0	   0	   5	   0
   1	   0	   0	   0	   0	   0	   0	   0	   0	   0	   0	   0	   0	   0	   0	   0	   0	   0
  14	  16	  23	  35	   0	  33	   1	   0	   0	   3	   3	   1	   4	   0	   0	   0	  10	   0
   0	   0	   1	   1	   0	   0	   0	   0	   0	   0	   0	   0	   0	   0	   0	   0	   0	   0
  58	  20	  26	   3	   0	   1	   0	   0	   0	   0	   0	   0	   0	   0	   0	   0	   2	   0
  56	 104	  44	  33	  18	  27	  33	   2	   0	   2	  11	   0	   0	  24	   0	   0	  17	   0
   1	   4	   6	   4	   0	   7	   0	   0	   0	   0	   0	   0	   0	   0	   0	   0	   0	   0
  52	  38	  41	  98	  13	  43	  12	   1	   0	   1	  40	   0	   0	   0	   0	   0	   3	   0
   8	   3	  12	  12	   0	   1	   0	   0	   0	   0	   0	   0	   0	   0	   0	   0	   2	   0
 304	 162	  78	 139	   7	  59	   1	   0	   0	   4	  16	   5	   0	   1	   0	   0	   5	   0
 122	  78	  42	   8	   1	  39	   7	   0	   0	  13	   2	   8	   0	   5	   0	   0	   3	   0
   6	   3	   0	   0	   0	   0	   0	   0	   0	   0	   0	   0	   0	   0	   0	   0	   0	   0
  12	  33	   8	   1	   5	   2	   0	   0	   0	 115	   0	   0	   1	   8	   2	   0	   2	   0
   7	  67	  55	   9	   0	   2	   2	   0	   0	   0	   2	   0	   0	   0	   3	   0	   2	   0
  13	 112	  41	  27	   3	  56	   4	   0	   0	  14	   7	  18	   4	   2	   6	   0	   0	   0
  19	 100	  29	  35	   0	  15	   2	   0	   0	   0	   6	   0	   0	   3	   0	   0	  15	   0
 134	 183	  99	  82	   8	  71	   6	   0	   0	  25	  20	   1	   1	   3	   0	   0	  19	   0
   0	   0	   0	   0	   0	   0	   0	   0	   0	   0	   0	   0	   0	   0	   0	   0	   0	   0
 141	  99	  38	  59	  40	  97	   0	   0	   0	   1	  23	   2	   0	  93	   0	   0	   3	   0
   6	   3	   0	  16	   0	   0	   0	   0	   0	   0	   0	   0	   0	   0	   0	   0	   0	   0
   0	   0	   0	   0	   0	   0	   0	   0	   0	   0	   0	   0	   0	   0	   0	   0	   0	   0
  19	  79	  37	  99	   2	  26	   0	   1	   0	  14	  24	   1	   0	   0	   0	   0	   5	   0
  48	  23	  21	   2	   0	   1	   0	   0	   0	   0	   0	   0	   0	   1	   0	   0	  18	   0
  22	  10	   2	   2	   1	   0	   0	   0	   0	   0	   0	   0	   0	   0	   0	   0	   0	   0
 143	  74	   9	  27	   6	  15	   0	   3	   0	   6	   3	   0	   2	   1	   0	   0	   6	   0
  14	  12	   8	  43	   2	   2	   0	   0	   0	   3	   0	   0	   0	   0	   1	   0	   0	   0


Vowel frequencies:
అ	ఆ	ఇ	ఈ	ఉ	ఊ	ఋ	ౠ	ఎ	ఏ	ఐ	ఒ	ఓ	ఔ	అఁ	అం	అః
1726	972	968	163	633	86	10	0	221	216	43	44	168	17	0	16	0

Vowel sum: 5283


Consonant frequencies:
క్	ఖ్	గ్	ఘ్	ఙ్	చ్	ఛ్	జ్	ఝ్	ఞ్	ట్	ఠ్	డ్	ఢ్	ణ్	త్	థ్	ద్	ధ్	న్	ప్	ఫ్	బ్	భ్	మ్	య్	ర్	ఱ్	ల్	ళ్	ఴ్	వ్	శ్	ష్	స్	హ్
388	19	299	2	183	203	1	157	0	78	169	1	143	2	110	371	22	342	38	781	328	9	189	149	307	224	652	0	596	25	0	307	114	37	295	85

Consonant sum: 6626